1
0

2
1
0 1

4
5
0 1
1 2
1 3
2 3
3 0

4
5
0 1
1 2
1 3
2 3
2 0

6
9
0 1
0 2
0 5
2 1
2 3
4 1
4 3
5 4
5 3

20
30
0 1
1 2
2 3
3 4
4 0
0 5
1 6
2 7
3 8
4 9
5 11
11 6
6 12
12 7
7 13
13 8
8 14
14 9
9 10
10 5
10 15
11 16
12 17
13 18
14 19
15 16
16 17
17 18
18 19
19 15

5
8
0 1
1 2
2 3
3 4
4 0
1 4
1 3
2 4

8
13
0 1
1 3
3 2
2 0
0 3
1 2
3 4
4 5
5 7
7 6
6 4
4 7
5 6

5
8
0 1
1 2
2 3
3 4
4 1
1 3
2 4
0 2

9
14
0 1
0 3
1 2 
1 3
1 4
2 3
2 7
2 8
3 5
4 5
4 6
4 8
6 7
7 8